[pic_postqq.jpg]
filters=QuantizePalette=1,8.000000,80.000000,0.000000;
moddate=57ce26cfa905cf01
width=527
height=634
textactive=0
[pic_post.jpg]
filters=QuantizePalette=1,8.000000,80.000000,0.000000;
moddate=20ad8b00aa05cf01
width=527
height=634
textactive=0
